
#(U-2J)  Del
-30.0000  0.4956  -15.2652
-29.9499  0.4956  -15.2406
-29.8999  0.4956  -15.2160
-29.8498  0.4956  -15.1914
-29.7998  0.4956  -15.1669
-29.7497  0.4955  -15.1423
-29.6997  0.4955  -15.1177
-29.6496  0.4955  -15.0931
-29.5996  0.4955  -15.0685
-29.5495  0.4955  -15.0440
-29.4995  0.4955  -15.0194
-29.4494  0.4954  -14.9948
-29.3994  0.4954  -14.9703
-29.3493  0.4954  -14.9457
-29.2993  0.4954  -14.9211
-29.2492  0.4954  -14.8966
-29.1992  0.4954  -14.8720
-29.1491  0.4954  -14.8474
-29.0991  0.4953  -14.8229
-29.0490  0.4953  -14.7983
-28.9990  0.4953  -14.7737
-28.9489  0.4953  -14.7492
-28.8989  0.4953  -14.7246
-28.8488  0.4953  -14.7001
-28.7988  0.4952  -14.6755
-28.7487  0.4952  -14.6510
-28.6987  0.4952  -14.6264
-28.6486  0.4952  -14.6019
-28.5986  0.4952  -14.5773
-28.5485  0.4952  -14.5528
-28.4985  0.4951  -14.5283
-28.4484  0.4951  -14.5037
-28.3984  0.4951  -14.4792
-28.3483  0.4951  -14.4546
-28.2983  0.4951  -14.4301
-28.2482  0.4951  -14.4056
-28.1982  0.4950  -14.3810
-28.1481  0.4950  -14.3565
-28.0981  0.4950  -14.3320
-28.0480  0.4950  -14.3075
-27.9980  0.4950  -14.2829
-27.9479  0.4950  -14.2584
-27.8979  0.4949  -14.2339
-27.8478  0.4949  -14.2094
-27.7978  0.4949  -14.1849
-27.7477  0.4949  -14.1603
-27.6977  0.4949  -14.1358
-27.6476  0.4948  -14.1113
-27.5976  0.4948  -14.0868
-27.5475  0.4948  -14.0623
-27.4975  0.4948  -14.0378
-27.4474  0.4948  -14.0133
-27.3974  0.4947  -13.9888
-27.3473  0.4947  -13.9643
-27.2973  0.4947  -13.9398
-27.2472  0.4947  -13.9153
-27.1972  0.4947  -13.8908
-27.1471  0.4947  -13.8663
-27.0971  0.4946  -13.8418
-27.0470  0.4946  -13.8173
-26.9970  0.4946  -13.7928
-26.9469  0.4946  -13.7683
-26.8969  0.4946  -13.7439
-26.8468  0.4945  -13.7194
-26.7968  0.4945  -13.6949
-26.7467  0.4945  -13.6704
-26.6967  0.4945  -13.6459
-26.6466  0.4945  -13.6215
-26.5966  0.4944  -13.5970
-26.5465  0.4944  -13.5725
-26.4965  0.4944  -13.5481
-26.4464  0.4944  -13.5236
-26.3964  0.4944  -13.4991
-26.3463  0.4943  -13.4747
-26.2963  0.4943  -13.4502
-26.2462  0.4943  -13.4257
-26.1962  0.4943  -13.4013
-26.1461  0.4942  -13.3768
-26.0961  0.4942  -13.3524
-26.0460  0.4942  -13.3279
-25.9960  0.4942  -13.3035
-25.9459  0.4942  -13.2790
-25.8959  0.4941  -13.2546
-25.8458  0.4941  -13.2302
-25.7958  0.4941  -13.2057
-25.7457  0.4941  -13.1813
-25.6957  0.4940  -13.1569
-25.6456  0.4940  -13.1324
-25.5956  0.4940  -13.1080
-25.5455  0.4940  -13.0836
-25.4955  0.4939  -13.0592
-25.4454  0.4939  -13.0347
-25.3954  0.4939  -13.0103
-25.3453  0.4939  -12.9859
-25.2953  0.4939  -12.9615
-25.2452  0.4938  -12.9371
-25.1952  0.4938  -12.9127
-25.1451  0.4938  -12.8882
-25.0951  0.4938  -12.8638
-25.0450  0.4937  -12.8394
-24.9950  0.4937  -12.8150
-24.9449  0.4937  -12.7906
-24.8949  0.4937  -12.7662
-24.8448  0.4936  -12.7419
-24.7948  0.4936  -12.7175
-24.7447  0.4936  -12.6931
-24.6947  0.4936  -12.6687
-24.6446  0.4935  -12.6443
-24.5946  0.4935  -12.6199
-24.5445  0.4935  -12.5955
-24.4945  0.4935  -12.5712
-24.4444  0.4934  -12.5468
-24.3944  0.4934  -12.5224
-24.3443  0.4934  -12.4981
-24.2943  0.4933  -12.4737
-24.2442  0.4933  -12.4493
-24.1942  0.4933  -12.4250
-24.1441  0.4933  -12.4006
-24.0941  0.4932  -12.3763
-24.0440  0.4932  -12.3519
-23.9940  0.4932  -12.3276
-23.9439  0.4932  -12.3032
-23.8939  0.4931  -12.2789
-23.8438  0.4931  -12.2545
-23.7938  0.4931  -12.2302
-23.7437  0.4930  -12.2059
-23.6937  0.4930  -12.1815
-23.6436  0.4930  -12.1572
-23.5936  0.4930  -12.1329
-23.5435  0.4929  -12.1086
-23.4935  0.4929  -12.0842
-23.4434  0.4929  -12.0599
-23.3934  0.4928  -12.0356
-23.3433  0.4928  -12.0113
-23.2933  0.4928  -11.9870
-23.2432  0.4927  -11.9627
-23.1932  0.4927  -11.9384
-23.1431  0.4927  -11.9141
-23.0931  0.4927  -11.8898
-23.0430  0.4926  -11.8655
-22.9930  0.4926  -11.8412
-22.9429  0.4926  -11.8169
-22.8929  0.4925  -11.7926
-22.8428  0.4925  -11.7683
-22.7928  0.4925  -11.7441
-22.7427  0.4924  -11.7198
-22.6927  0.4924  -11.6955
-22.6426  0.4924  -11.6713
-22.5926  0.4923  -11.6470
-22.5425  0.4923  -11.6227
-22.4925  0.4923  -11.5985
-22.4424  0.4922  -11.5742
-22.3924  0.4922  -11.5500
-22.3423  0.4922  -11.5257
-22.2923  0.4921  -11.5015
-22.2422  0.4921  -11.4772
-22.1922  0.4921  -11.4530
-22.1421  0.4920  -11.4288
-22.0921  0.4920  -11.4045
-22.0420  0.4920  -11.3803
-21.9920  0.4919  -11.3561
-21.9419  0.4919  -11.3319
-21.8919  0.4918  -11.3076
-21.8418  0.4918  -11.2834
-21.7918  0.4918  -11.2592
-21.7417  0.4917  -11.2350
-21.6917  0.4917  -11.2108
-21.6416  0.4917  -11.1866
-21.5916  0.4916  -11.1624
-21.5415  0.4916  -11.1382
-21.4915  0.4915  -11.1140
-21.4414  0.4915  -11.0899
-21.3914  0.4915  -11.0657
-21.3413  0.4914  -11.0415
-21.2913  0.4914  -11.0173
-21.2412  0.4913  -10.9932
-21.1912  0.4913  -10.9690
-21.1411  0.4913  -10.9448
-21.0911  0.4912  -10.9207
-21.0410  0.4912  -10.8965
-20.9910  0.4911  -10.8724
-20.9409  0.4911  -10.8482
-20.8909  0.4911  -10.8241
-20.8408  0.4910  -10.8000
-20.7908  0.4910  -10.7758
-20.7407  0.4909  -10.7517
-20.6907  0.4909  -10.7276
-20.6406  0.4908  -10.7035
-20.5906  0.4908  -10.6793
-20.5405  0.4908  -10.6552
-20.4905  0.4907  -10.6311
-20.4404  0.4907  -10.6070
-20.3904  0.4906  -10.5829
-20.3403  0.4906  -10.5588
-20.2903  0.4905  -10.5347
-20.2402  0.4905  -10.5107
-20.1902  0.4904  -10.4866
-20.1401  0.4904  -10.4625
-20.0901  0.4904  -10.4384
-20.0400  0.4903  -10.4144
-19.9900  0.4903  -10.3903
-19.9399  0.4902  -10.3662
-19.8899  0.4902  -10.3422
-19.8398  0.4901  -10.3181
-19.7898  0.4901  -10.2941
-19.7397  0.4900  -10.2701
-19.6897  0.4900  -10.2460
-19.6396  0.4899  -10.2220
-19.5896  0.4899  -10.1980
-19.5395  0.4898  -10.1740
-19.4895  0.4898  -10.1500
-19.4394  0.4897  -10.1259
-19.3894  0.4897  -10.1019
-19.3393  0.4896  -10.0779
-19.2893  0.4896  -10.0539
-19.2392  0.4895  -10.0300
-19.1892  0.4895  -10.0060
-19.1391  0.4894  -9.9820
-19.0891  0.4893  -9.9580
-19.0390  0.4893  -9.9341
-18.9890  0.4892  -9.9101
-18.9389  0.4892  -9.8861
-18.8889  0.4891  -9.8622
-18.8388  0.4891  -9.8382
-18.7888  0.4890  -9.8143
-18.7387  0.4890  -9.7904
-18.6887  0.4889  -9.7664
-18.6386  0.4888  -9.7425
-18.5886  0.4888  -9.7186
-18.5385  0.4887  -9.6947
-18.4885  0.4887  -9.6708
-18.4384  0.4886  -9.6469
-18.3884  0.4885  -9.6230
-18.3383  0.4885  -9.5991
-18.2883  0.4884  -9.5752
-18.2382  0.4884  -9.5513
-18.1882  0.4883  -9.5275
-18.1381  0.4882  -9.5036
-18.0881  0.4882  -9.4798
-18.0380  0.4881  -9.4559
-17.9880  0.4880  -9.4321
-17.9379  0.4880  -9.4082
-17.8879  0.4879  -9.3844
-17.8378  0.4878  -9.3606
-17.7878  0.4878  -9.3367
-17.7377  0.4877  -9.3129
-17.6877  0.4876  -9.2891
-17.6376  0.4876  -9.2653
-17.5876  0.4875  -9.2415
-17.5375  0.4874  -9.2177
-17.4875  0.4874  -9.1940
-17.4374  0.4873  -9.1702
-17.3874  0.4872  -9.1464
-17.3373  0.4872  -9.1227
-17.2873  0.4871  -9.0989
-17.2372  0.4870  -9.0752
-17.1872  0.4869  -9.0514
-17.1371  0.4869  -9.0277
-17.0871  0.4868  -9.0040
-17.0370  0.4867  -8.9803
-16.9870  0.4866  -8.9565
-16.9369  0.4866  -8.9328
-16.8869  0.4865  -8.9091
-16.8368  0.4864  -8.8855
-16.7868  0.4863  -8.8618
-16.7367  0.4863  -8.8381
-16.6867  0.4862  -8.8144
-16.6366  0.4861  -8.7908
-16.5866  0.4860  -8.7671
-16.5365  0.4859  -8.7435
-16.4865  0.4859  -8.7199
-16.4364  0.4858  -8.6962
-16.3864  0.4857  -8.6726
-16.3363  0.4856  -8.6490
-16.2863  0.4855  -8.6254
-16.2362  0.4854  -8.6018
-16.1862  0.4853  -8.5782
-16.1361  0.4853  -8.5547
-16.0861  0.4852  -8.5311
-16.0360  0.4851  -8.5075
-15.9860  0.4850  -8.4840
-15.9359  0.4849  -8.4605
-15.8859  0.4848  -8.4369
-15.8358  0.4847  -8.4134
-15.7858  0.4846  -8.3899
-15.7357  0.4845  -8.3664
-15.6857  0.4844  -8.3429
-15.6356  0.4843  -8.3194
-15.5856  0.4842  -8.2959
-15.5355  0.4841  -8.2725
-15.4855  0.4840  -8.2490
-15.4354  0.4839  -8.2255
-15.3854  0.4838  -8.2021
-15.3353  0.4837  -8.1787
-15.2853  0.4836  -8.1553
-15.2352  0.4835  -8.1318
-15.1852  0.4834  -8.1085
-15.1351  0.4833  -8.0851
-15.0851  0.4832  -8.0617
-15.0350  0.4831  -8.0383
-14.9850  0.4830  -8.0150
-14.9349  0.4829  -7.9916
-14.8849  0.4828  -7.9683
-14.8348  0.4827  -7.9449
-14.7848  0.4826  -7.9216
-14.7347  0.4825  -7.8983
-14.6847  0.4823  -7.8750
-14.6346  0.4822  -7.8517
-14.5846  0.4821  -7.8285
-14.5345  0.4820  -7.8052
-14.4845  0.4819  -7.7820
-14.4344  0.4818  -7.7587
-14.3844  0.4816  -7.7355
-14.3343  0.4815  -7.7123
-14.2843  0.4814  -7.6891
-14.2342  0.4813  -7.6659
-14.1842  0.4811  -7.6427
-14.1341  0.4810  -7.6195
-14.0841  0.4809  -7.5964
-14.0340  0.4808  -7.5733
-13.9840  0.4806  -7.5501
-13.9339  0.4805  -7.5270
-13.8839  0.4804  -7.5039
-13.8338  0.4802  -7.4808
-13.7838  0.4801  -7.4577
-13.7337  0.4800  -7.4347
-13.6837  0.4798  -7.4116
-13.6336  0.4797  -7.3886
-13.5836  0.4795  -7.3656
-13.5335  0.4794  -7.3425
-13.4835  0.4792  -7.3196
-13.4334  0.4791  -7.2966
-13.3834  0.4789  -7.2736
-13.3333  0.4788  -7.2506
-13.2833  0.4786  -7.2277
-13.2332  0.4785  -7.2048
-13.1832  0.4783  -7.1819
-13.1331  0.4782  -7.1590
-13.0831  0.4780  -7.1361
-13.0330  0.4779  -7.1132
-12.9830  0.4777  -7.0904
-12.9329  0.4775  -7.0675
-12.8829  0.4774  -7.0447
-12.8328  0.4772  -7.0219
-12.7828  0.4770  -6.9991
-12.7327  0.4769  -6.9764
-12.6827  0.4767  -6.9536
-12.6326  0.4765  -6.9309
-12.5826  0.4764  -6.9081
-12.5325  0.4762  -6.8854
-12.4825  0.4760  -6.8627
-12.4324  0.4758  -6.8401
-12.3824  0.4756  -6.8174
-12.3323  0.4755  -6.7948
-12.2823  0.4753  -6.7722
-12.2322  0.4751  -6.7496
-12.1822  0.4749  -6.7270
-12.1321  0.4747  -6.7044
-12.0821  0.4745  -6.6819
-12.0320  0.4743  -6.6593
-11.9820  0.4741  -6.6368
-11.9319  0.4739  -6.6144
-11.8819  0.4737  -6.5919
-11.8318  0.4735  -6.5694
-11.7818  0.4733  -6.5470
-11.7317  0.4731  -6.5246
-11.6817  0.4728  -6.5022
-11.6316  0.4726  -6.4798
-11.5816  0.4724  -6.4575
-11.5315  0.4722  -6.4352
-11.4815  0.4720  -6.4129
-11.4314  0.4717  -6.3906
-11.3814  0.4715  -6.3683
-11.3313  0.4713  -6.3461
-11.2813  0.4710  -6.3238
-11.2312  0.4708  -6.3016
-11.1812  0.4706  -6.2795
-11.1311  0.4703  -6.2573
-11.0811  0.4701  -6.2352
-11.0310  0.4698  -6.2131
-10.9810  0.4696  -6.1910
-10.9309  0.4693  -6.1689
-10.8809  0.4690  -6.1469
-10.8308  0.4688  -6.1249
-10.7808  0.4685  -6.1029
-10.7307  0.4682  -6.0810
-10.6807  0.4680  -6.0590
-10.6306  0.4677  -6.0371
-10.5806  0.4674  -6.0152
-10.5305  0.4671  -5.9934
-10.4805  0.4668  -5.9716
-10.4304  0.4666  -5.9498
-10.3804  0.4663  -5.9280
-10.3303  0.4660  -5.9062
-10.2803  0.4656  -5.8845
-10.2302  0.4653  -5.8628
-10.1802  0.4650  -5.8412
-10.1301  0.4647  -5.8195
-10.0801  0.4644  -5.7979
-10.0300  0.4641  -5.7764
-9.9800  0.4638  -5.7548
-9.9299  0.4634  -5.7333
-9.8799  0.4631  -5.7118
-9.8298  0.4627  -5.6904
-9.7798  0.4624  -5.6690
-9.7297  0.4621  -5.6476
-9.6797  0.4617  -5.6262
-9.6296  0.4613  -5.6049
-9.5796  0.4610  -5.5836
-9.5295  0.4606  -5.5624
-9.4795  0.4602  -5.5411
-9.4294  0.4599  -5.5200
-9.3794  0.4595  -5.4988
-9.3293  0.4591  -5.4777
-9.2793  0.4587  -5.4566
-9.2292  0.4583  -5.4356
-9.1792  0.4579  -5.4146
-9.1291  0.4575  -5.3936
-9.0791  0.4570  -5.3727
-9.0290  0.4566  -5.3518
-8.9790  0.4562  -5.3309
-8.9289  0.4558  -5.3101
-8.8789  0.4553  -5.2894
-8.8288  0.4549  -5.2686
-8.7788  0.4544  -5.2479
-8.7287  0.4540  -5.2273
-8.6787  0.4535  -5.2067
-8.6286  0.4530  -5.1861
-8.5786  0.4525  -5.1656
-8.5285  0.4520  -5.1451
-8.4785  0.4515  -5.1247
-8.4284  0.4510  -5.1043
-8.3784  0.4505  -5.0840
-8.3283  0.4500  -5.0637
-8.2783  0.4495  -5.0434
-8.2282  0.4489  -5.0232
-8.1782  0.4484  -5.0031
-8.1281  0.4478  -4.9830
-8.0781  0.4473  -4.9629
-8.0280  0.4467  -4.9429
-7.9780  0.4461  -4.9230
-7.9279  0.4455  -4.9031
-7.8779  0.4449  -4.8832
-7.8278  0.4443  -4.8635
-7.7778  0.4437  -4.8437
-7.7277  0.4431  -4.8240
-7.6777  0.4425  -4.8044
-7.6276  0.4418  -4.7848
-7.5776  0.4412  -4.7653
-7.5275  0.4405  -4.7459
-7.4775  0.4398  -4.7265
-7.4274  0.4391  -4.7072
-7.3774  0.4384  -4.6879
-7.3273  0.4377  -4.6687
-7.2773  0.4370  -4.6495
-7.2272  0.4363  -4.6305
-7.1772  0.4355  -4.6114
-7.1271  0.4348  -4.5925
-7.0771  0.4340  -4.5736
-7.0270  0.4332  -4.5548
-6.9770  0.4324  -4.5360
-6.9269  0.4316  -4.5173
-6.8769  0.4308  -4.4987
-6.8268  0.4299  -4.4802
-6.7768  0.4291  -4.4617
-6.7267  0.4282  -4.4433
-6.6767  0.4273  -4.4250
-6.6266  0.4264  -4.4068
-6.5766  0.4255  -4.3886
-6.5265  0.4246  -4.3705
-6.4765  0.4236  -4.3525
-6.4264  0.4227  -4.3346
-6.3764  0.4217  -4.3168
-6.3263  0.4207  -4.2990
-6.2763  0.4197  -4.2814
-6.2262  0.4186  -4.2638
-6.1762  0.4176  -4.2463
-6.1261  0.4165  -4.2289
-6.0761  0.4154  -4.2115
-6.0260  0.4143  -4.1943
-5.9760  0.4132  -4.1772
-5.9259  0.4120  -4.1601
-5.8759  0.4109  -4.1432
-5.8258  0.4097  -4.1264
-5.7758  0.4084  -4.1096
-5.7257  0.4072  -4.0930
-5.6757  0.4059  -4.0764
-5.6256  0.4046  -4.0600
-5.5756  0.4033  -4.0436
-5.5255  0.4020  -4.0274
-5.4755  0.4006  -4.0113
-5.4254  0.3992  -3.9953
-5.3754  0.3978  -3.9794
-5.3253  0.3964  -3.9636
-5.2753  0.3949  -3.9479
-5.2252  0.3934  -3.9324
-5.1752  0.3918  -3.9170
-5.1251  0.3903  -3.9017
-5.0751  0.3887  -3.8865
-5.0250  0.3871  -3.8714
-4.9750  0.3854  -3.8565
-4.9249  0.3837  -3.8417
-4.8749  0.3820  -3.8270
-4.8248  0.3802  -3.8125
-4.7748  0.3784  -3.7981
-4.7247  0.3766  -3.7838
-4.6747  0.3747  -3.7697
-4.6246  0.3728  -3.7557
-4.5746  0.3709  -3.7419
-4.5245  0.3689  -3.7282
-4.4745  0.3669  -3.7146
-4.4244  0.3648  -3.7013
-4.3744  0.3627  -3.6880
-4.3243  0.3605  -3.6749
-4.2743  0.3583  -3.6620
-4.2242  0.3561  -3.6492
-4.1742  0.3538  -3.6366
-4.1241  0.3514  -3.6242
-4.0741  0.3490  -3.6119
-4.0240  0.3466  -3.5998
-3.9740  0.3441  -3.5879
-3.9239  0.3415  -3.5761
-3.8739  0.3389  -3.5645
-3.8238  0.3362  -3.5531
-3.7738  0.3335  -3.5419
-3.7237  0.3308  -3.5309
-3.6737  0.3279  -3.5200
-3.6236  0.3250  -3.5093
-3.5736  0.3220  -3.4989
-3.5235  0.3190  -3.4886
-3.4735  0.3159  -3.4785
-3.4234  0.3128  -3.4686
-3.3734  0.3095  -3.4589
-3.3233  0.3062  -3.4494
-3.2733  0.3029  -3.4402
-3.2232  0.2994  -3.4311
-3.1732  0.2959  -3.4222
-3.1231  0.2923  -3.4136
-3.0731  0.2886  -3.4051
-3.0230  0.2848  -3.3969
-2.9730  0.2810  -3.3889
-2.9229  0.2771  -3.3811
-2.8729  0.2731  -3.3735
-2.8228  0.2690  -3.3662
-2.7728  0.2648  -3.3591
-2.7227  0.2605  -3.3522
-2.6727  0.2562  -3.3455
-2.6226  0.2517  -3.3390
-2.5726  0.2472  -3.3328
-2.5225  0.2425  -3.3268
-2.4725  0.2378  -3.3210
-2.4224  0.2330  -3.3155
-2.3724  0.2280  -3.3102
-2.3223  0.2230  -3.3051
-2.2723  0.2179  -3.3002
-2.2222  0.2126  -3.2956
-2.1722  0.2073  -3.2912
-2.1221  0.2018  -3.2870
-2.0721  0.1963  -3.2830
-2.0220  0.1907  -3.2793
-1.9720  0.1849  -3.2758
-1.9219  0.1791  -3.2725
-1.8719  0.1731  -3.2694
-1.8218  0.1671  -3.2665
-1.7718  0.1610  -3.2638
-1.7217  0.1548  -3.2613
-1.6717  0.1485  -3.2590
-1.6216  0.1421  -3.2569
-1.5716  0.1356  -3.2549
-1.5215  0.1291  -3.2532
-1.4715  0.1225  -3.2516
-1.4214  0.1159  -3.2502
-1.3714  0.1092  -3.2489
-1.3213  0.1025  -3.2478
-1.2713  0.0958  -3.2468
-1.2212  0.0891  -3.2460
-1.1712  0.0824  -3.2452
-1.1211  0.0758  -3.2446
-1.0711  0.0691  -3.2441
-1.0210  0.0626  -3.2437
-0.9710  0.0563  -3.2433
-0.9209  0.0500  -3.2430
-0.8709  0.0440  -3.2428
-0.8208  0.0381  -3.2426
-0.7708  0.0326  -3.2425
-0.7207  0.0274  -3.2424
-0.6707  0.0226  -3.2424
-0.6206  0.0182  -3.2423
-0.5706  0.0146  -3.2423
-0.5205  0.0115  -3.2423
-0.4705  0.0091  -3.2423
-0.4204  0.0073  -3.2423
-0.3704  0.0059  -3.2423
-0.3203  0.0049  -3.2423
-0.2703  0.0041  -3.2423
-0.2202  0.0035  -3.2423
-0.1702  0.0030  -3.2423
-0.1201  0.0026  -3.2423
-0.0701  0.0023  -3.2423
-0.0200  0.0021  -3.2423
0.0300  0.0000  -3.2423
0.0801  0.0000  -3.2423
0.1301  0.0000  -3.2423
0.1802  0.0000  -3.2423
0.2302  0.0000  -3.2423
0.2803  0.0000  -3.2423
0.3303  0.0000  -3.2423
0.3804  0.0000  -3.2423
0.4304  0.0000  -3.2423
0.4805  0.0000  -3.2423
0.5305  0.0000  -3.2423
0.5806  0.0000  -3.2423
0.6306  0.0000  -3.2423
0.6807  0.0000  -3.2423
0.7307  0.0000  -3.2423
0.7808  0.0000  -3.2423
0.8308  0.0000  -3.2423
0.8809  0.0000  -3.2423
0.9309  0.0000  -3.2423
0.9810  0.0000  -3.2423
1.0310  0.0000  -3.2423
1.0811  0.0000  -3.2423
1.1311  0.0000  -3.2423
1.1812  0.0000  -3.2423
1.2312  0.0000  -3.2423
1.2813  0.0000  -3.2423
1.3313  0.0000  -3.2423
1.3814  0.0000  -3.2423
1.4314  0.0000  -3.2423
1.4815  0.0000  -3.2423
1.5315  0.0000  -3.2423
1.5816  0.0000  -3.2423
1.6316  0.0000  -3.2423
1.6817  0.0000  -3.2423
1.7317  0.0000  -3.2423
1.7818  0.0000  -3.2423
1.8318  0.0000  -3.2423
1.8819  0.0000  -3.2423
1.9319  0.0000  -3.2423
1.9820  0.0000  -3.2423
2.0320  0.0000  -3.2423
2.0821  0.0000  -3.2423
2.1321  0.0000  -3.2423
2.1822  0.0000  -3.2423
2.2322  0.0000  -3.2423
2.2823  0.0000  -3.2423
2.3323  0.0000  -3.2423
2.3824  0.0000  -3.2423
2.4324  0.0000  -3.2423
2.4825  0.0000  -3.2423
2.5325  0.0000  -3.2423
2.5826  0.0000  -3.2423
2.6326  0.0000  -3.2423
2.6827  0.0000  -3.2423
2.7327  0.0000  -3.2423
2.7828  0.0000  -3.2423
2.8328  0.0000  -3.2423
2.8829  0.0000  -3.2423
2.9329  0.0000  -3.2423
2.9830  0.0000  -3.2423
3.0330  0.0000  -3.2423
3.0831  0.0000  -3.2423
3.1331  0.0000  -3.2423
3.1832  0.0000  -3.2423
3.2332  0.0000  -3.2423
3.2833  0.0000  -3.2423
3.3333  0.0000  -3.2423
3.3834  0.0000  -3.2423
3.4334  0.0000  -3.2423
3.4835  0.0000  -3.2423
3.5335  0.0000  -3.2423
3.5836  0.0000  -3.2423
3.6336  0.0000  -3.2423
3.6837  0.0000  -3.2423
3.7337  0.0000  -3.2423
3.7838  0.0000  -3.2423
3.8338  0.0000  -3.2423
3.8839  0.0000  -3.2423
3.9339  0.0000  -3.2423
3.9840  0.0000  -3.2423
4.0340  0.0000  -3.2423
4.0841  0.0000  -3.2423
4.1341  0.0000  -3.2423
4.1842  0.0000  -3.2423
4.2342  0.0000  -3.2423
4.2843  0.0000  -3.2423
4.3343  0.0000  -3.2423
4.3844  0.0000  -3.2423
4.4344  0.0000  -3.2423
4.4845  0.0000  -3.2423
4.5345  0.0000  -3.2423
4.5846  0.0000  -3.2423
4.6346  0.0000  -3.2423
4.6847  0.0000  -3.2423
4.7347  0.0000  -3.2423
4.7848  0.0000  -3.2423
4.8348  0.0000  -3.2423
4.8849  0.0000  -3.2423
4.9349  0.0000  -3.2423
4.9850  0.0000  -3.2423
5.0350  0.0000  -3.2423
5.0851  0.0000  -3.2423
5.1351  0.0000  -3.2423
5.1852  0.0000  -3.2423
5.2352  0.0000  -3.2423
5.2853  0.0000  -3.2423
5.3353  0.0000  -3.2423
5.3854  0.0000  -3.2423
5.4354  0.0000  -3.2423
5.4855  0.0000  -3.2423
5.5355  0.0000  -3.2423
5.5856  0.0000  -3.2423
5.6356  0.0000  -3.2423
5.6857  0.0000  -3.2423
5.7357  0.0000  -3.2423
5.7858  0.0000  -3.2423
5.8358  0.0000  -3.2423
5.8859  0.0000  -3.2423
5.9359  0.0000  -3.2423
5.9860  0.0000  -3.2423
6.0360  0.0000  -3.2423
6.0861  0.0000  -3.2423
6.1361  0.0000  -3.2423
6.1862  0.0000  -3.2423
6.2362  0.0000  -3.2423
6.2863  0.0000  -3.2423
6.3363  0.0000  -3.2423
6.3864  0.0000  -3.2423
6.4364  0.0000  -3.2423
6.4865  0.0000  -3.2423
6.5365  0.0000  -3.2423
6.5866  0.0000  -3.2423
6.6366  0.0000  -3.2423
6.6867  0.0000  -3.2423
6.7367  0.0000  -3.2423
6.7868  0.0000  -3.2423
6.8368  0.0000  -3.2423
6.8869  0.0000  -3.2423
6.9369  0.0000  -3.2423
6.9870  0.0000  -3.2423
7.0370  0.0000  -3.2423
7.0871  0.0000  -3.2423
7.1371  0.0000  -3.2423
7.1872  0.0000  -3.2423
7.2372  0.0000  -3.2423
7.2873  0.0000  -3.2423
7.3373  0.0000  -3.2423
7.3874  0.0000  -3.2423
7.4374  0.0000  -3.2423
7.4875  0.0000  -3.2423
7.5375  0.0000  -3.2423
7.5876  0.0000  -3.2423
7.6376  0.0000  -3.2423
7.6877  0.0000  -3.2423
7.7377  0.0000  -3.2423
7.7878  0.0000  -3.2423
7.8378  0.0000  -3.2423
7.8879  0.0000  -3.2423
7.9379  0.0000  -3.2423
7.9880  0.0000  -3.2423
8.0380  0.0000  -3.2423
8.0881  0.0000  -3.2423
8.1381  0.0000  -3.2423
8.1882  0.0000  -3.2423
8.2382  0.0000  -3.2423
8.2883  0.0000  -3.2423
8.3383  0.0000  -3.2423
8.3884  0.0000  -3.2423
8.4384  0.0000  -3.2423
8.4885  0.0000  -3.2423
8.5385  0.0000  -3.2423
8.5886  0.0000  -3.2423
8.6386  0.0000  -3.2423
8.6887  0.0000  -3.2423
8.7387  0.0000  -3.2423
8.7888  0.0000  -3.2423
8.8388  0.0000  -3.2423
8.8889  0.0000  -3.2423
8.9389  0.0000  -3.2423
8.9890  0.0000  -3.2423
9.0390  0.0000  -3.2423
9.0891  0.0000  -3.2423
9.1391  0.0000  -3.2423
9.1892  0.0000  -3.2423
9.2392  0.0000  -3.2423
9.2893  0.0000  -3.2423
9.3393  0.0000  -3.2423
9.3894  0.0000  -3.2423
9.4394  0.0000  -3.2423
9.4895  0.0000  -3.2423
9.5395  0.0000  -3.2423
9.5896  0.0000  -3.2423
9.6396  0.0000  -3.2423
9.6897  0.0000  -3.2423
9.7397  0.0000  -3.2423
9.7898  0.0000  -3.2423
9.8398  0.0000  -3.2423
9.8899  0.0000  -3.2423
9.9399  0.0000  -3.2423
9.9900  0.0000  -3.2423
10.0400  0.0000  -3.2423
10.0901  0.0000  -3.2423
10.1401  0.0000  -3.2423
10.1902  0.0000  -3.2423
10.2402  0.0000  -3.2423
10.2903  0.0000  -3.2423
10.3403  0.0000  -3.2423
10.3904  0.0000  -3.2423
10.4404  0.0000  -3.2423
10.4905  0.0000  -3.2423
10.5405  0.0000  -3.2423
10.5906  0.0000  -3.2423
10.6406  0.0000  -3.2423
10.6907  0.0000  -3.2423
10.7407  0.0000  -3.2423
10.7908  0.0000  -3.2423
10.8408  0.0000  -3.2423
10.8909  0.0000  -3.2423
10.9409  0.0000  -3.2423
10.9910  0.0000  -3.2423
11.0410  0.0000  -3.2423
11.0911  0.0000  -3.2423
11.1411  0.0000  -3.2423
11.1912  0.0000  -3.2423
11.2412  0.0000  -3.2423
11.2913  0.0000  -3.2423
11.3413  0.0000  -3.2423
11.3914  0.0000  -3.2423
11.4414  0.0000  -3.2423
11.4915  0.0000  -3.2423
11.5415  0.0000  -3.2423
11.5916  0.0000  -3.2423
11.6416  0.0000  -3.2423
11.6917  0.0000  -3.2423
11.7417  0.0000  -3.2423
11.7918  0.0000  -3.2423
11.8418  0.0000  -3.2423
11.8919  0.0000  -3.2423
11.9419  0.0000  -3.2423
11.9920  0.0000  -3.2423
12.0420  0.0000  -3.2423
12.0921  0.0000  -3.2423
12.1421  0.0000  -3.2423
12.1922  0.0000  -3.2423
12.2422  0.0000  -3.2423
12.2923  0.0000  -3.2423
12.3423  0.0000  -3.2423
12.3924  0.0000  -3.2423
12.4424  0.0000  -3.2423
12.4925  0.0000  -3.2423
12.5425  0.0000  -3.2423
12.5926  0.0000  -3.2423
12.6426  0.0000  -3.2423
12.6927  0.0000  -3.2423
12.7427  0.0000  -3.2423
12.7928  0.0000  -3.2423
12.8428  0.0000  -3.2423
12.8929  0.0000  -3.2423
12.9429  0.0000  -3.2423
12.9930  0.0000  -3.2423
13.0430  0.0000  -3.2423
13.0931  0.0000  -3.2423
13.1431  0.0000  -3.2423
13.1932  0.0000  -3.2423
13.2432  0.0000  -3.2423
13.2933  0.0000  -3.2423
13.3433  0.0000  -3.2423
13.3934  0.0000  -3.2423
13.4434  0.0000  -3.2423
13.4935  0.0000  -3.2423
13.5435  0.0000  -3.2423
13.5936  0.0000  -3.2423
13.6436  0.0000  -3.2423
13.6937  0.0000  -3.2423
13.7437  0.0000  -3.2423
13.7938  0.0000  -3.2423
13.8438  0.0000  -3.2423
13.8939  0.0000  -3.2423
13.9439  0.0000  -3.2423
13.9940  0.0000  -3.2423
14.0440  0.0000  -3.2423
14.0941  0.0000  -3.2423
14.1441  0.0000  -3.2423
14.1942  0.0000  -3.2423
14.2442  0.0000  -3.2423
14.2943  0.0000  -3.2423
14.3443  0.0000  -3.2423
14.3944  0.0000  -3.2423
14.4444  0.0000  -3.2423
14.4945  0.0000  -3.2423
14.5445  0.0000  -3.2423
14.5946  0.0000  -3.2423
14.6446  0.0000  -3.2423
14.6947  0.0000  -3.2423
14.7447  0.0000  -3.2423
14.7948  0.0000  -3.2423
14.8448  0.0000  -3.2423
14.8949  0.0000  -3.2423
14.9449  0.0000  -3.2423
14.9950  0.0000  -3.2423
15.0450  0.0000  -3.2423
15.0951  0.0000  -3.2423
15.1451  0.0000  -3.2423
15.1952  0.0000  -3.2423
15.2452  0.0000  -3.2423
15.2953  0.0000  -3.2423
15.3453  0.0000  -3.2423
15.3954  0.0000  -3.2423
15.4454  0.0000  -3.2423
15.4955  0.0000  -3.2423
15.5455  0.0000  -3.2423
15.5956  0.0000  -3.2423
15.6456  0.0000  -3.2423
15.6957  0.0000  -3.2423
15.7457  0.0000  -3.2423
15.7958  0.0000  -3.2423
15.8458  0.0000  -3.2423
15.8959  0.0000  -3.2423
15.9459  0.0000  -3.2423
15.9960  0.0000  -3.2423
16.0460  0.0000  -3.2423
16.0961  0.0000  -3.2423
16.1461  0.0000  -3.2423
16.1962  0.0000  -3.2423
16.2462  0.0000  -3.2423
16.2963  0.0000  -3.2423
16.3463  0.0000  -3.2423
16.3964  0.0000  -3.2423
16.4464  0.0000  -3.2423
16.4965  0.0000  -3.2423
16.5465  0.0000  -3.2423
16.5966  0.0000  -3.2423
16.6466  0.0000  -3.2423
16.6967  0.0000  -3.2423
16.7467  0.0000  -3.2423
16.7968  0.0000  -3.2423
16.8468  0.0000  -3.2423
16.8969  0.0000  -3.2423
16.9469  0.0000  -3.2423
16.9970  0.0000  -3.2423
17.0470  0.0000  -3.2423
17.0971  0.0000  -3.2423
17.1471  0.0000  -3.2423
17.1972  0.0000  -3.2423
17.2472  0.0000  -3.2423
17.2973  0.0000  -3.2423
17.3473  0.0000  -3.2423
17.3974  0.0000  -3.2423
17.4474  0.0000  -3.2423
17.4975  0.0000  -3.2423
17.5475  0.0000  -3.2423
17.5976  0.0000  -3.2423
17.6476  0.0000  -3.2423
17.6977  0.0000  -3.2423
17.7477  0.0000  -3.2423
17.7978  0.0000  -3.2423
17.8478  0.0000  -3.2423
17.8979  0.0000  -3.2423
17.9479  0.0000  -3.2423
17.9980  0.0000  -3.2423
18.0480  0.0000  -3.2423
18.0981  0.0000  -3.2423
18.1481  0.0000  -3.2423
18.1982  0.0000  -3.2423
18.2482  0.0000  -3.2423
18.2983  0.0000  -3.2423
18.3483  0.0000  -3.2423
18.3984  0.0000  -3.2423
18.4484  0.0000  -3.2423
18.4985  0.0000  -3.2423
18.5485  0.0000  -3.2423
18.5986  0.0000  -3.2423
18.6486  0.0000  -3.2423
18.6987  0.0000  -3.2423
18.7487  0.0000  -3.2423
18.7988  0.0000  -3.2423
18.8488  0.0000  -3.2423
18.8989  0.0000  -3.2423
18.9489  0.0000  -3.2423
18.9990  0.0000  -3.2423
19.0490  0.0000  -3.2423
19.0991  0.0000  -3.2423
19.1491  0.0000  -3.2423
19.1992  0.0000  -3.2423
19.2492  0.0000  -3.2423
19.2993  0.0000  -3.2423
19.3493  0.0000  -3.2423
19.3994  0.0000  -3.2423
19.4494  0.0000  -3.2423
19.4995  0.0000  -3.2423
19.5495  0.0000  -3.2423
19.5996  0.0000  -3.2423
19.6496  0.0000  -3.2423
19.6997  0.0000  -3.2423
19.7497  0.0000  -3.2423
19.7998  0.0000  -3.2423
19.8498  0.0000  -3.2423
19.8999  0.0000  -3.2423
19.9499  0.0000  -3.2423
20.0000  0.0000  -3.2423