#U  J  Del
-10.0000  -10.1000  0.0000
-10.0000  -9.0368  0.0000
-10.0000  -7.9737  0.0000
-10.0000  -6.9105  0.0000
-10.0000  -5.8474  0.0000
-10.0000  -4.7842  0.0186
-10.0000  -3.7211  0.2457
-10.0000  -2.6579  0.3750
-10.0000  -1.5947  0.4296
-10.0000  -0.5316  0.4558
-10.0000  0.5316  0.4700
-10.0000  1.5947  0.4783
-10.0000  2.6579  0.4837
-10.0000  3.7211  0.4873
-10.0000  4.7842  0.4898
-10.0000  5.8474  0.4917
-10.0000  6.9105  0.4931
-10.0000  7.9737  0.4942
-10.0000  9.0368  0.4950
-10.0000  10.1000  0.4957
-9.4789  -10.1000  0.0000
-9.4789  -9.0368  0.0000
-9.4789  -7.9737  0.0000
-9.4789  -6.9105  0.0000
-9.4789  -5.8474  0.0000
-9.4789  -4.7842  0.0000
-9.4789  -3.7211  0.1921
-9.4789  -2.6579  0.3532
-9.4789  -1.5947  0.4199
-9.4789  -0.5316  0.4509
-9.4789  0.5316  0.4672
-9.4789  1.5947  0.4766
-9.4789  2.6579  0.4826
-9.4789  3.7211  0.4865
-9.4789  4.7842  0.4893
-9.4789  5.8474  0.4913
-9.4789  6.9105  0.4928
-9.4789  7.9737  0.4939
-9.4789  9.0368  0.4948
-9.4789  10.1000  0.4955
-8.9579  -10.1000  0.0000
-8.9579  -9.0368  0.0000
-8.9579  -7.9737  0.0000
-8.9579  -6.9105  0.0000
-8.9579  -5.8474  0.0000
-8.9579  -4.7842  0.0000
-8.9579  -3.7211  0.1281
-8.9579  -2.6579  0.3260
-8.9579  -1.5947  0.4082
-8.9579  -0.5316  0.4451
-8.9579  0.5316  0.4640
-8.9579  1.5947  0.4747
-8.9579  2.6579  0.4814
-8.9579  3.7211  0.4857
-8.9579  4.7842  0.4887
-8.9579  5.8474  0.4909
-8.9579  6.9105  0.4924
-8.9579  7.9737  0.4937
-8.9579  9.0368  0.4946
-8.9579  10.1000  0.4954
-8.4368  -10.1000  0.0000
-8.4368  -9.0368  0.0000
-8.4368  -7.9737  0.0000
-8.4368  -6.9105  0.0000
-8.4368  -5.8474  0.0000
-8.4368  -4.7842  0.0000
-8.4368  -3.7211  0.0602
-8.4368  -2.6579  0.2920
-8.4368  -1.5947  0.3940
-8.4368  -0.5316  0.4384
-8.4368  0.5316  0.4604
-8.4368  1.5947  0.4726
-8.4368  2.6579  0.4800
-8.4368  3.7211  0.4848
-8.4368  4.7842  0.4881
-8.4368  5.8474  0.4904
-8.4368  6.9105  0.4921
-8.4368  7.9737  0.4934
-8.4368  9.0368  0.4944
-8.4368  10.1000  0.4952
-7.9158  -10.1000  0.0000
-7.9158  -9.0368  0.0000
-7.9158  -7.9737  0.0000
-7.9158  -6.9105  0.0000
-7.9158  -5.8474  0.0000
-7.9158  -4.7842  0.0000
-7.9158  -3.7211  0.0201
-7.9158  -2.6579  0.2495
-7.9158  -1.5947  0.3766
-7.9158  -0.5316  0.4303
-7.9158  0.5316  0.4562
-7.9158  1.5947  0.4702
-7.9158  2.6579  0.4785
-7.9158  3.7211  0.4838
-7.9158  4.7842  0.4874
-7.9158  5.8474  0.4899
-7.9158  6.9105  0.4917
-7.9158  7.9737  0.4931
-7.9158  9.0368  0.4942
-7.9158  10.1000  0.4950
-7.3947  -10.1000  0.0000
-7.3947  -9.0368  0.0000
-7.3947  -7.9737  0.0000
-7.3947  -6.9105  0.0000
-7.3947  -5.8474  0.0000
-7.3947  -4.7842  0.0000
-7.3947  -3.7211  0.0000
-7.3947  -2.6579  0.1969
-7.3947  -1.5947  0.3551
-7.3947  -0.5316  0.4207
-7.3947  0.5316  0.4513
-7.3947  1.5947  0.4674
-7.3947  2.6579  0.4768
-7.3947  3.7211  0.4827
-7.3947  4.7842  0.4866
-7.3947  5.8474  0.4893
-7.3947  6.9105  0.4913
-7.3947  7.9737  0.4928
-7.3947  9.0368  0.4939
-7.3947  10.1000  0.4948
-6.8737  -10.1000  0.0000
-6.8737  -9.0368  0.0000
-6.8737  -7.9737  0.0000
-6.8737  -6.9105  0.0000
-6.8737  -5.8474  0.0000
-6.8737  -4.7842  0.0000
-6.8737  -3.7211  0.0000
-6.8737  -2.6579  0.1336
-6.8737  -1.5947  0.3284
-6.8737  -0.5316  0.4092
-6.8737  0.5316  0.4456
-6.8737  1.5947  0.4643
-6.8737  2.6579  0.4749
-6.8737  3.7211  0.4815
-6.8737  4.7842  0.4858
-6.8737  5.8474  0.4888
-6.8737  6.9105  0.4909
-6.8737  7.9737  0.4925
-6.8737  9.0368  0.4937
-6.8737  10.1000  0.4946
-6.3526  -10.1000  0.0000
-6.3526  -9.0368  0.0000
-6.3526  -7.9737  0.0000
-6.3526  -6.9105  0.0000
-6.3526  -5.8474  0.0000
-6.3526  -4.7842  0.0000
-6.3526  -3.7211  0.0000
-6.3526  -2.6579  0.0653
-6.3526  -1.5947  0.2950
-6.3526  -0.5316  0.3952
-6.3526  0.5316  0.4389
-6.3526  1.5947  0.4607
-6.3526  2.6579  0.4728
-6.3526  3.7211  0.4801
-6.3526  4.7842  0.4849
-6.3526  5.8474  0.4881
-6.3526  6.9105  0.4904
-6.3526  7.9737  0.4921
-6.3526  9.0368  0.4934
-6.3526  10.1000  0.4944
-5.8316  -10.1000  0.0000
-5.8316  -9.0368  0.0000
-5.8316  -7.9737  0.0000
-5.8316  -6.9105  0.0000
-5.8316  -5.8474  0.0000
-5.8316  -4.7842  0.0000
-5.8316  -3.7211  0.0000
-5.8316  -2.6579  0.0217
-5.8316  -1.5947  0.2533
-5.8316  -0.5316  0.3781
-5.8316  0.5316  0.4310
-5.8316  1.5947  0.4565
-5.8316  2.6579  0.4704
-5.8316  3.7211  0.4786
-5.8316  4.7842  0.4839
-5.8316  5.8474  0.4874
-5.8316  6.9105  0.4899
-5.8316  7.9737  0.4918
-5.8316  9.0368  0.4931
-5.8316  10.1000  0.4942
-5.3105  -10.1000  0.0000
-5.3105  -9.0368  0.0000
-5.3105  -7.9737  0.0000
-5.3105  -6.9105  0.0000
-5.3105  -5.8474  0.0000
-5.3105  -4.7842  0.0000
-5.3105  -3.7211  0.0000
-5.3105  -2.6579  0.0000
-5.3105  -1.5947  0.2015
-5.3105  -0.5316  0.3570
-5.3105  0.5316  0.4216
-5.3105  1.5947  0.4517
-5.3105  2.6579  0.4676
-5.3105  3.7211  0.4769
-5.3105  4.7842  0.4828
-5.3105  5.8474  0.4867
-5.3105  6.9105  0.4894
-5.3105  7.9737  0.4914
-5.3105  9.0368  0.4928
-5.3105  10.1000  0.4940
-4.7895  -10.1000  0.0000
-4.7895  -9.0368  0.0000
-4.7895  -7.9737  0.0000
-4.7895  -6.9105  0.0000
-4.7895  -5.8474  0.0000
-4.7895  -4.7842  0.0000
-4.7895  -3.7211  0.0000
-4.7895  -2.6579  0.0000
-4.7895  -1.5947  0.1390
-4.7895  -0.5316  0.3308
-4.7895  0.5316  0.4102
-4.7895  1.5947  0.4461
-4.7895  2.6579  0.4645
-4.7895  3.7211  0.4751
-4.7895  4.7842  0.4816
-4.7895  5.8474  0.4858
-4.7895  6.9105  0.4888
-4.7895  7.9737  0.4909
-4.7895  9.0368  0.4925
-4.7895  10.1000  0.4937
-4.2684  -10.1000  0.0000
-4.2684  -9.0368  0.0000
-4.2684  -7.9737  0.0000
-4.2684  -6.9105  0.0000
-4.2684  -5.8474  0.0000
-4.2684  -4.7842  0.0000
-4.2684  -3.7211  0.0000
-4.2684  -2.6579  0.0000
-4.2684  -1.5947  0.0702
-4.2684  -0.5316  0.2980
-4.2684  0.5316  0.3965
-4.2684  1.5947  0.4395
-4.2684  2.6579  0.4610
-4.2684  3.7211  0.4730
-4.2684  4.7842  0.4802
-4.2684  5.8474  0.4849
-4.2684  6.9105  0.4882
-4.2684  7.9737  0.4905
-4.2684  9.0368  0.4922
-4.2684  10.1000  0.4934
-3.7474  -10.1000  0.0000
-3.7474  -9.0368  0.0000
-3.7474  -7.9737  0.0000
-3.7474  -6.9105  0.0000
-3.7474  -5.8474  0.0000
-3.7474  -4.7842  0.0000
-3.7474  -3.7211  0.0000
-3.7474  -2.6579  0.0000
-3.7474  -1.5947  0.0236
-3.7474  -0.5316  0.2570
-3.7474  0.5316  0.3796
-3.7474  1.5947  0.4317
-3.7474  2.6579  0.4569
-3.7474  3.7211  0.4706
-3.7474  4.7842  0.4787
-3.7474  5.8474  0.4840
-3.7474  6.9105  0.4875
-3.7474  7.9737  0.4900
-3.7474  9.0368  0.4918
-3.7474  10.1000  0.4932
-3.2263  -10.1000  0.0000
-3.2263  -9.0368  0.0000
-3.2263  -7.9737  0.0000
-3.2263  -6.9105  0.0000
-3.2263  -5.8474  0.0000
-3.2263  -4.7842  0.0000
-3.2263  -3.7211  0.0000
-3.2263  -2.6579  0.0000
-3.2263  -1.5947  0.0103
-3.2263  -0.5316  0.2061
-3.2263  0.5316  0.3589
-3.2263  1.5947  0.4224
-3.2263  2.6579  0.4521
-3.2263  3.7211  0.4679
-3.2263  4.7842  0.4771
-3.2263  5.8474  0.4829
-3.2263  6.9105  0.4867
-3.2263  7.9737  0.4894
-3.2263  9.0368  0.4914
-3.2263  10.1000  0.4929
-2.7053  -10.1000  0.0000
-2.7053  -9.0368  0.0000
-2.7053  -7.9737  0.0000
-2.7053  -6.9105  0.0000
-2.7053  -5.8474  0.0000
-2.7053  -4.7842  0.0000
-2.7053  -3.7211  0.0000
-2.7053  -2.6579  0.0000
-2.7053  -1.5947  0.0000
-2.7053  -0.5316  0.1444
-2.7053  0.5316  0.3331
-2.7053  1.5947  0.4112
-2.7053  2.6579  0.4466
-2.7053  3.7211  0.4648
-2.7053  4.7842  0.4752
-2.7053  5.8474  0.4817
-2.7053  6.9105  0.4859
-2.7053  7.9737  0.4889
-2.7053  9.0368  0.4910
-2.7053  10.1000  0.4925
-2.1842  -10.1000  0.0000
-2.1842  -9.0368  0.0000
-2.1842  -7.9737  0.0000
-2.1842  -6.9105  0.0000
-2.1842  -5.8474  0.0000
-2.1842  -4.7842  0.0000
-2.1842  -3.7211  0.0000
-2.1842  -2.6579  0.0000
-2.1842  -1.5947  0.0000
-2.1842  -0.5316  0.0756
-2.1842  0.5316  0.3010
-2.1842  1.5947  0.3977
-2.1842  2.6579  0.4401
-2.1842  3.7211  0.4613
-2.1842  4.7842  0.4731
-2.1842  5.8474  0.4803
-2.1842  6.9105  0.4850
-2.1842  7.9737  0.4882
-2.1842  9.0368  0.4905
-2.1842  10.1000  0.4922
-1.6632  -10.1000  0.0000
-1.6632  -9.0368  0.0000
-1.6632  -7.9737  0.0000
-1.6632  -6.9105  0.0000
-1.6632  -5.8474  0.0000
-1.6632  -4.7842  0.0000
-1.6632  -3.7211  0.0000
-1.6632  -2.6579  0.0000
-1.6632  -1.5947  0.0000
-1.6632  -0.5316  0.0258
-1.6632  0.5316  0.2607
-1.6632  1.5947  0.3811
-1.6632  2.6579  0.4324
-1.6632  3.7211  0.4572
-1.6632  4.7842  0.4708
-1.6632  5.8474  0.4789
-1.6632  6.9105  0.4840
-1.6632  7.9737  0.4875
-1.6632  9.0368  0.4900
-1.6632  10.1000  0.4918
-1.1421  -10.1000  0.0000
-1.1421  -9.0368  0.0000
-1.1421  -7.9737  0.0000
-1.1421  -6.9105  0.0000
-1.1421  -5.8474  0.0000
-1.1421  -4.7842  0.0000
-1.1421  -3.7211  0.0000
-1.1421  -2.6579  0.0000
-1.1421  -1.5947  0.0000
-1.1421  -0.5316  0.0109
-1.1421  0.5316  0.2106
-1.1421  1.5947  0.3607
-1.1421  2.6579  0.4232
-1.1421  3.7211  0.4526
-1.1421  4.7842  0.4681
-1.1421  5.8474  0.4772
-1.1421  6.9105  0.4830
-1.1421  7.9737  0.4868
-1.1421  9.0368  0.4895
-1.1421  10.1000  0.4914
-0.6211  -10.1000  0.0000
-0.6211  -9.0368  0.0000
-0.6211  -7.9737  0.0000
-0.6211  -6.9105  0.0000
-0.6211  -5.8474  0.0000
-0.6211  -4.7842  0.0000
-0.6211  -3.7211  0.0000
-0.6211  -2.6579  0.0000
-0.6211  -1.5947  0.0000
-0.6211  -0.5316  0.0000
-0.6211  0.5316  0.1498
-0.6211  1.5947  0.3354
-0.6211  2.6579  0.4122
-0.6211  3.7211  0.4471
-0.6211  4.7842  0.4651
-0.6211  5.8474  0.4754
-0.6211  6.9105  0.4818
-0.6211  7.9737  0.4860
-0.6211  9.0368  0.4889
-0.6211  10.1000  0.4910
-0.1000  -10.1000  0.0000
-0.1000  -9.0368  0.0000
-0.1000  -7.9737  0.0000
-0.1000  -6.9105  0.0000
-0.1000  -5.8474  0.0000
-0.1000  -4.7842  0.0000
-0.1000  -3.7211  0.0000
-0.1000  -2.6579  0.0000
-0.1000  -1.5947  0.0000
-0.1000  -0.5316  0.0000
-0.1000  0.5316  0.0811
-0.1000  1.5947  0.3038
-0.1000  2.6579  0.3989
-0.1000  3.7211  0.4407
-0.1000  4.7842  0.4616
-0.1000  5.8474  0.4733
-0.1000  6.9105  0.4804
-0.1000  7.9737  0.4851
-0.1000  9.0368  0.4883
-0.1000  10.1000  0.4905
