# U  Del
-10.0000  0.4639
-9.9900  0.4638
-9.9800  0.4638
-9.9700  0.4637
-9.9600  0.4636
-9.9499  0.4636
-9.9399  0.4635
-9.9299  0.4634
-9.9199  0.4634
-9.9099  0.4633
-9.8999  0.4632
-9.8899  0.4632
-9.8799  0.4631
-9.8699  0.4630
-9.8599  0.4630
-9.8498  0.4629
-9.8398  0.4628
-9.8298  0.4627
-9.8198  0.4627
-9.8098  0.4626
-9.7998  0.4625
-9.7898  0.4625
-9.7798  0.4624
-9.7698  0.4623
-9.7598  0.4623
-9.7497  0.4622
-9.7397  0.4621
-9.7297  0.4621
-9.7197  0.4620
-9.7097  0.4619
-9.6997  0.4618
-9.6897  0.4618
-9.6797  0.4617
-9.6697  0.4616
-9.6597  0.4616
-9.6496  0.4615
-9.6396  0.4614
-9.6296  0.4613
-9.6196  0.4613
-9.6096  0.4612
-9.5996  0.4611
-9.5896  0.4610
-9.5796  0.4610
-9.5696  0.4609
-9.5596  0.4608
-9.5495  0.4608
-9.5395  0.4607
-9.5295  0.4606
-9.5195  0.4605
-9.5095  0.4605
-9.4995  0.4604
-9.4895  0.4603
-9.4795  0.4602
-9.4695  0.4602
-9.4595  0.4601
-9.4494  0.4600
-9.4394  0.4599
-9.4294  0.4599
-9.4194  0.4598
-9.4094  0.4597
-9.3994  0.4596
-9.3894  0.4595
-9.3794  0.4595
-9.3694  0.4594
-9.3594  0.4593
-9.3493  0.4592
-9.3393  0.4592
-9.3293  0.4591
-9.3193  0.4590
-9.3093  0.4589
-9.2993  0.4588
-9.2893  0.4588
-9.2793  0.4587
-9.2693  0.4586
-9.2593  0.4585
-9.2492  0.4584
-9.2392  0.4584
-9.2292  0.4583
-9.2192  0.4582
-9.2092  0.4581
-9.1992  0.4580
-9.1892  0.4580
-9.1792  0.4579
-9.1692  0.4578
-9.1592  0.4577
-9.1491  0.4576
-9.1391  0.4576
-9.1291  0.4575
-9.1191  0.4574
-9.1091  0.4573
-9.0991  0.4572
-9.0891  0.4571
-9.0791  0.4571
-9.0691  0.4570
-9.0591  0.4569
-9.0490  0.4568
-9.0390  0.4567
-9.0290  0.4566
-9.0190  0.4565
-9.0090  0.4565
-8.9990  0.4564
-8.9890  0.4563
-8.9790  0.4562
-8.9690  0.4561
-8.9590  0.4560
-8.9489  0.4559
-8.9389  0.4559
-8.9289  0.4558
-8.9189  0.4557
-8.9089  0.4556
-8.8989  0.4555
-8.8889  0.4554
-8.8789  0.4553
-8.8689  0.4552
-8.8589  0.4551
-8.8488  0.4551
-8.8388  0.4550
-8.8288  0.4549
-8.8188  0.4548
-8.8088  0.4547
-8.7988  0.4546
-8.7888  0.4545
-8.7788  0.4544
-8.7688  0.4543
-8.7588  0.4542
-8.7487  0.4541
-8.7387  0.4540
-8.7287  0.4539
-8.7187  0.4539
-8.7087  0.4538
-8.6987  0.4537
-8.6887  0.4536
-8.6787  0.4535
-8.6687  0.4534
-8.6587  0.4533
-8.6486  0.4532
-8.6386  0.4531
-8.6286  0.4530
-8.6186  0.4529
-8.6086  0.4528
-8.5986  0.4527
-8.5886  0.4526
-8.5786  0.4525
-8.5686  0.4524
-8.5586  0.4523
-8.5485  0.4522
-8.5385  0.4521
-8.5285  0.4520
-8.5185  0.4519
-8.5085  0.4518
-8.4985  0.4517
-8.4885  0.4516
-8.4785  0.4515
-8.4685  0.4514
-8.4585  0.4513
-8.4484  0.4512
-8.4384  0.4511
-8.4284  0.4510
-8.4184  0.4509
-8.4084  0.4508
-8.3984  0.4507
-8.3884  0.4506
-8.3784  0.4505
-8.3684  0.4504
-8.3584  0.4503
-8.3483  0.4502
-8.3383  0.4501
-8.3283  0.4500
-8.3183  0.4499
-8.3083  0.4498
-8.2983  0.4497
-8.2883  0.4496
-8.2783  0.4495
-8.2683  0.4494
-8.2583  0.4493
-8.2482  0.4492
-8.2382  0.4490
-8.2282  0.4489
-8.2182  0.4488
-8.2082  0.4487
-8.1982  0.4486
-8.1882  0.4485
-8.1782  0.4484
-8.1682  0.4483
-8.1582  0.4482
-8.1481  0.4481
-8.1381  0.4480
-8.1281  0.4478
-8.1181  0.4477
-8.1081  0.4476
-8.0981  0.4475
-8.0881  0.4474
-8.0781  0.4473
-8.0681  0.4472
-8.0581  0.4471
-8.0480  0.4469
-8.0380  0.4468
-8.0280  0.4467
-8.0180  0.4466
-8.0080  0.4465
-7.9980  0.4464
-7.9880  0.4462
-7.9780  0.4461
-7.9680  0.4460
-7.9580  0.4459
-7.9479  0.4458
-7.9379  0.4457
-7.9279  0.4455
-7.9179  0.4454
-7.9079  0.4453
-7.8979  0.4452
-7.8879  0.4451
-7.8779  0.4450
-7.8679  0.4448
-7.8579  0.4447
-7.8478  0.4446
-7.8378  0.4445
-7.8278  0.4443
-7.8178  0.4442
-7.8078  0.4441
-7.7978  0.4440
-7.7878  0.4439
-7.7778  0.4437
-7.7678  0.4436
-7.7578  0.4435
-7.7477  0.4434
-7.7377  0.4432
-7.7277  0.4431
-7.7177  0.4430
-7.7077  0.4428
-7.6977  0.4427
-7.6877  0.4426
-7.6777  0.4425
-7.6677  0.4423
-7.6577  0.4422
-7.6476  0.4421
-7.6376  0.4420
-7.6276  0.4418
-7.6176  0.4417
-7.6076  0.4416
-7.5976  0.4414
-7.5876  0.4413
-7.5776  0.4412
-7.5676  0.4410
-7.5576  0.4409
-7.5475  0.4408
-7.5375  0.4406
-7.5275  0.4405
-7.5175  0.4404
-7.5075  0.4402
-7.4975  0.4401
-7.4875  0.4400
-7.4775  0.4398
-7.4675  0.4397
-7.4575  0.4395
-7.4474  0.4394
-7.4374  0.4393
-7.4274  0.4391
-7.4174  0.4390
-7.4074  0.4389
-7.3974  0.4387
-7.3874  0.4386
-7.3774  0.4384
-7.3674  0.4383
-7.3574  0.4382
-7.3473  0.4380
-7.3373  0.4379
-7.3273  0.4377
-7.3173  0.4376
-7.3073  0.4374
-7.2973  0.4373
-7.2873  0.4371
-7.2773  0.4370
-7.2673  0.4369
-7.2573  0.4367
-7.2472  0.4366
-7.2372  0.4364
-7.2272  0.4363
-7.2172  0.4361
-7.2072  0.4360
-7.1972  0.4358
-7.1872  0.4357
-7.1772  0.4355
-7.1672  0.4354
-7.1572  0.4352
-7.1471  0.4351
-7.1371  0.4349
-7.1271  0.4348
-7.1171  0.4346
-7.1071  0.4345
-7.0971  0.4343
-7.0871  0.4341
-7.0771  0.4340
-7.0671  0.4338
-7.0571  0.4337
-7.0470  0.4335
-7.0370  0.4334
-7.0270  0.4332
-7.0170  0.4331
-7.0070  0.4329
-6.9970  0.4327
-6.9870  0.4326
-6.9770  0.4324
-6.9670  0.4323
-6.9570  0.4321
-6.9469  0.4319
-6.9369  0.4318
-6.9269  0.4316
-6.9169  0.4314
-6.9069  0.4313
-6.8969  0.4311
-6.8869  0.4309
-6.8769  0.4308
-6.8669  0.4306
-6.8569  0.4304
-6.8468  0.4303
-6.8368  0.4301
-6.8268  0.4299
-6.8168  0.4298
-6.8068  0.4296
-6.7968  0.4294
-6.7868  0.4293
-6.7768  0.4291
-6.7668  0.4289
-6.7568  0.4287
-6.7467  0.4286
-6.7367  0.4284
-6.7267  0.4282
-6.7167  0.4280
-6.7067  0.4279
-6.6967  0.4277
-6.6867  0.4275
-6.6767  0.4273
-6.6667  0.4272
-6.6567  0.4270
-6.6466  0.4268
-6.6366  0.4266
-6.6266  0.4264
-6.6166  0.4263
-6.6066  0.4261
-6.5966  0.4259
-6.5866  0.4257
-6.5766  0.4255
-6.5666  0.4253
-6.5566  0.4251
-6.5465  0.4250
-6.5365  0.4248
-6.5265  0.4246
-6.5165  0.4244
-6.5065  0.4242
-6.4965  0.4240
-6.4865  0.4238
-6.4765  0.4236
-6.4665  0.4235
-6.4565  0.4233
-6.4464  0.4231
-6.4364  0.4229
-6.4264  0.4227
-6.4164  0.4225
-6.4064  0.4223
-6.3964  0.4221
-6.3864  0.4219
-6.3764  0.4217
-6.3664  0.4215
-6.3564  0.4213
-6.3463  0.4211
-6.3363  0.4209
-6.3263  0.4207
-6.3163  0.4205
-6.3063  0.4203
-6.2963  0.4201
-6.2863  0.4199
-6.2763  0.4197
-6.2663  0.4195
-6.2563  0.4193
-6.2462  0.4191
-6.2362  0.4189
-6.2262  0.4187
-6.2162  0.4184
-6.2062  0.4182
-6.1962  0.4180
-6.1862  0.4178
-6.1762  0.4176
-6.1662  0.4174
-6.1562  0.4172
-6.1461  0.4170
-6.1361  0.4167
-6.1261  0.4165
-6.1161  0.4163
-6.1061  0.4161
-6.0961  0.4159
-6.0861  0.4157
-6.0761  0.4154
-6.0661  0.4152
-6.0561  0.4150
-6.0460  0.4148
-6.0360  0.4145
-6.0260  0.4143
-6.0160  0.4141
-6.0060  0.4139
-5.9960  0.4136
-5.9860  0.4134
-5.9760  0.4132
-5.9660  0.4129
-5.9560  0.4127
-5.9459  0.4125
-5.9359  0.4123
-5.9259  0.4120
-5.9159  0.4118
-5.9059  0.4116
-5.8959  0.4113
-5.8859  0.4111
-5.8759  0.4109
-5.8659  0.4106
-5.8559  0.4104
-5.8458  0.4101
-5.8358  0.4099
-5.8258  0.4096
-5.8158  0.4094
-5.8058  0.4092
-5.7958  0.4089
-5.7858  0.4087
-5.7758  0.4084
-5.7658  0.4082
-5.7558  0.4079
-5.7457  0.4077
-5.7357  0.4074
-5.7257  0.4072
-5.7157  0.4069
-5.7057  0.4067
-5.6957  0.4064
-5.6857  0.4062
-5.6757  0.4059
-5.6657  0.4057
-5.6557  0.4054
-5.6456  0.4051
-5.6356  0.4049
-5.6256  0.4046
-5.6156  0.4044
-5.6056  0.4041
-5.5956  0.4038
-5.5856  0.4036
-5.5756  0.4033
-5.5656  0.4030
-5.5556  0.4028
-5.5455  0.4025
-5.5355  0.4022
-5.5255  0.4020
-5.5155  0.4017
-5.5055  0.4014
-5.4955  0.4012
-5.4855  0.4009
-5.4755  0.4006
-5.4655  0.4003
-5.4555  0.4001
-5.4454  0.3998
-5.4354  0.3995
-5.4254  0.3992
-5.4154  0.3989
-5.4054  0.3987
-5.3954  0.3984
-5.3854  0.3981
-5.3754  0.3978
-5.3654  0.3975
-5.3554  0.3972
-5.3453  0.3969
-5.3353  0.3966
-5.3253  0.3964
-5.3153  0.3961
-5.3053  0.3958
-5.2953  0.3955
-5.2853  0.3952
-5.2753  0.3949
-5.2653  0.3946
-5.2553  0.3943
-5.2452  0.3940
-5.2352  0.3937
-5.2252  0.3934
-5.2152  0.3931
-5.2052  0.3928
-5.1952  0.3925
-5.1852  0.3922
-5.1752  0.3918
-5.1652  0.3915
-5.1552  0.3912
-5.1451  0.3909
-5.1351  0.3906
-5.1251  0.3903
-5.1151  0.3900
-5.1051  0.3897
-5.0951  0.3893
-5.0851  0.3890
-5.0751  0.3887
-5.0651  0.3884
-5.0551  0.3880
-5.0450  0.3877
-5.0350  0.3874
-5.0250  0.3871
-5.0150  0.3867
-5.0050  0.3864
-4.9950  0.3861
-4.9850  0.3857
-4.9750  0.3854
-4.9650  0.3851
-4.9550  0.3847
-4.9449  0.3844
-4.9349  0.3841
-4.9249  0.3837
-4.9149  0.3834
-4.9049  0.3830
-4.8949  0.3827
-4.8849  0.3823
-4.8749  0.3820
-4.8649  0.3816
-4.8549  0.3813
-4.8448  0.3809
-4.8348  0.3806
-4.8248  0.3802
-4.8148  0.3799
-4.8048  0.3795
-4.7948  0.3792
-4.7848  0.3788
-4.7748  0.3784
-4.7648  0.3781
-4.7548  0.3777
-4.7447  0.3773
-4.7347  0.3770
-4.7247  0.3766
-4.7147  0.3762
-4.7047  0.3758
-4.6947  0.3755
-4.6847  0.3751
-4.6747  0.3747
-4.6647  0.3744
-4.6547  0.3740
-4.6446  0.3736
-4.6346  0.3732
-4.6246  0.3728
-4.6146  0.3724
-4.6046  0.3721
-4.5946  0.3716
-4.5846  0.3713
-4.5746  0.3709
-4.5646  0.3705
-4.5546  0.3701
-4.5445  0.3697
-4.5345  0.3693
-4.5245  0.3689
-4.5145  0.3685
-4.5045  0.3681
-4.4945  0.3677
-4.4845  0.3673
-4.4745  0.3668
-4.4645  0.3664
-4.4545  0.3660
-4.4444  0.3656
-4.4344  0.3652
-4.4244  0.3648
-4.4144  0.3644
-4.4044  0.3639
-4.3944  0.3635
-4.3844  0.3631
-4.3744  0.3627
-4.3644  0.3622
-4.3544  0.3618
-4.3443  0.3614
-4.3343  0.3609
-4.3243  0.3605
-4.3143  0.3601
-4.3043  0.3596
-4.2943  0.3592
-4.2843  0.3587
-4.2743  0.3583
-4.2643  0.3579
-4.2543  0.3574
-4.2442  0.3570
-4.2342  0.3565
-4.2242  0.3561
-4.2142  0.3556
-4.2042  0.3551
-4.1942  0.3547
-4.1842  0.3542
-4.1742  0.3538
-4.1642  0.3533
-4.1542  0.3528
-4.1441  0.3524
-4.1341  0.3519
-4.1241  0.3514
-4.1141  0.3509
-4.1041  0.3505
-4.0941  0.3500
-4.0841  0.3495
-4.0741  0.3490
-4.0641  0.3485
-4.0541  0.3480
-4.0440  0.3476
-4.0340  0.3471
-4.0240  0.3466
-4.0140  0.3461
-4.0040  0.3456
-3.9940  0.3451
-3.9840  0.3446
-3.9740  0.3441
-3.9640  0.3436
-3.9540  0.3431
-3.9439  0.3425
-3.9339  0.3420
-3.9239  0.3415
-3.9139  0.3410
-3.9039  0.3405
-3.8939  0.3400
-3.8839  0.3394
-3.8739  0.3389
-3.8639  0.3384
-3.8539  0.3379
-3.8438  0.3373
-3.8338  0.3368
-3.8238  0.3363
-3.8138  0.3357
-3.8038  0.3352
-3.7938  0.3346
-3.7838  0.3341
-3.7738  0.3335
-3.7638  0.3330
-3.7538  0.3324
-3.7437  0.3319
-3.7337  0.3313
-3.7237  0.3307
-3.7137  0.3302
-3.7037  0.3296
-3.6937  0.3291
-3.6837  0.3285
-3.6737  0.3279
-3.6637  0.3273
-3.6537  0.3268
-3.6436  0.3262
-3.6336  0.3256
-3.6236  0.3250
-3.6136  0.3244
-3.6036  0.3238
-3.5936  0.3232
-3.5836  0.3226
-3.5736  0.3220
-3.5636  0.3214
-3.5536  0.3208
-3.5435  0.3202
-3.5335  0.3196
-3.5235  0.3190
-3.5135  0.3184
-3.5035  0.3178
-3.4935  0.3172
-3.4835  0.3165
-3.4735  0.3159
-3.4635  0.3153
-3.4535  0.3147
-3.4434  0.3140
-3.4334  0.3134
-3.4234  0.3127
-3.4134  0.3121
-3.4034  0.3115
-3.3934  0.3108
-3.3834  0.3102
-3.3734  0.3095
-3.3634  0.3089
-3.3534  0.3082
-3.3433  0.3075
-3.3333  0.3069
-3.3233  0.3062
-3.3133  0.3056
-3.3033  0.3049
-3.2933  0.3042
-3.2833  0.3035
-3.2733  0.3028
-3.2633  0.3022
-3.2533  0.3015
-3.2432  0.3008
-3.2332  0.3001
-3.2232  0.2994
-3.2132  0.2987
-3.2032  0.2980
-3.1932  0.2973
-3.1832  0.2966
-3.1732  0.2959
-3.1632  0.2952
-3.1532  0.2945
-3.1431  0.2937
-3.1331  0.2930
-3.1231  0.2923
-3.1131  0.2916
-3.1031  0.2908
-3.0931  0.2901
-3.0831  0.2894
-3.0731  0.2886
-3.0631  0.2878
-3.0531  0.2871
-3.0430  0.2863
-3.0330  0.2856
-3.0230  0.2848
-3.0130  0.2841
-3.0030  0.2833
-2.9930  0.2826
-2.9830  0.2818
-2.9730  0.2810
-2.9630  0.2802
-2.9530  0.2794
-2.9429  0.2787
-2.9329  0.2779
-2.9229  0.2771
-2.9129  0.2763
-2.9029  0.2755
-2.8929  0.2747
-2.8829  0.2739
-2.8729  0.2731
-2.8629  0.2723
-2.8529  0.2714
-2.8428  0.2706
-2.8328  0.2698
-2.8228  0.2690
-2.8128  0.2682
-2.8028  0.2673
-2.7928  0.2665
-2.7828  0.2656
-2.7728  0.2648
-2.7628  0.2640
-2.7528  0.2631
-2.7427  0.2623
-2.7327  0.2614
-2.7227  0.2605
-2.7127  0.2597
-2.7027  0.2588
-2.6927  0.2579
-2.6827  0.2571
-2.6727  0.2562
-2.6627  0.2553
-2.6527  0.2544
-2.6426  0.2535
-2.6326  0.2526
-2.6226  0.2517
-2.6126  0.2508
-2.6026  0.2499
-2.5926  0.2490
-2.5826  0.2481
-2.5726  0.2472
-2.5626  0.2463
-2.5526  0.2453
-2.5425  0.2444
-2.5325  0.2435
-2.5225  0.2425
-2.5125  0.2416
-2.5025  0.2406
-2.4925  0.2397
-2.4825  0.2387
-2.4725  0.2378
-2.4625  0.2368
-2.4525  0.2359
-2.4424  0.2349
-2.4324  0.2339
-2.4224  0.2329
-2.4124  0.2320
-2.4024  0.2310
-2.3924  0.2300
-2.3824  0.2290
-2.3724  0.2280
-2.3624  0.2270
-2.3524  0.2260
-2.3423  0.2250
-2.3323  0.2240
-2.3223  0.2230
-2.3123  0.2220
-2.3023  0.2209
-2.2923  0.2199
-2.2823  0.2189
-2.2723  0.2179
-2.2623  0.2168
-2.2523  0.2158
-2.2422  0.2147
-2.2322  0.2137
-2.2222  0.2126
-2.2122  0.2116
-2.2022  0.2105
-2.1922  0.2094
-2.1822  0.2084
-2.1722  0.2073
-2.1622  0.2062
-2.1522  0.2051
-2.1421  0.2040
-2.1321  0.2029
-2.1221  0.2019
-2.1121  0.2008
-2.1021  0.1996
-2.0921  0.1985
-2.0821  0.1974
-2.0721  0.1963
-2.0621  0.1952
-2.0521  0.1941
-2.0420  0.1929
-2.0320  0.1918
-2.0220  0.1907
-2.0120  0.1895
-2.0020  0.1884
-1.9920  0.1872
-1.9820  0.1861
-1.9720  0.1849
-1.9620  0.1838
-1.9520  0.1826
-1.9419  0.1814
-1.9319  0.1802
-1.9219  0.1791
-1.9119  0.1779
-1.9019  0.1767
-1.8919  0.1755
-1.8819  0.1743
-1.8719  0.1731
-1.8619  0.1719
-1.8519  0.1707
-1.8418  0.1695
-1.8318  0.1683
-1.8218  0.1671
-1.8118  0.1659
-1.8018  0.1647
-1.7918  0.1635
-1.7818  0.1622
-1.7718  0.1610
-1.7618  0.1598
-1.7518  0.1585
-1.7417  0.1573
-1.7317  0.1560
-1.7217  0.1548
-1.7117  0.1535
-1.7017  0.1523
-1.6917  0.1510
-1.6817  0.1498
-1.6717  0.1485
-1.6617  0.1472
-1.6517  0.1459
-1.6416  0.1447
-1.6316  0.1434
-1.6216  0.1421
-1.6116  0.1408
-1.6016  0.1395
-1.5916  0.1382
-1.5816  0.1370
-1.5716  0.1356
-1.5616  0.1343
-1.5516  0.1330
-1.5415  0.1317
-1.5315  0.1304
-1.5215  0.1291
-1.5115  0.1278
-1.5015  0.1265
-1.4915  0.1252
-1.4815  0.1239
-1.4715  0.1225
-1.4615  0.1212
-1.4515  0.1199
-1.4414  0.1186
-1.4314  0.1172
-1.4214  0.1159
-1.4114  0.1146
-1.4014  0.1132
-1.3914  0.1119
-1.3814  0.1106
-1.3714  0.1092
-1.3614  0.1079
-1.3514  0.1066
-1.3413  0.1052
-1.3313  0.1039
-1.3213  0.1025
-1.3113  0.1012
-1.3013  0.0999
-1.2913  0.0985
-1.2813  0.0972
-1.2713  0.0958
-1.2613  0.0945
-1.2513  0.0931
-1.2412  0.0918
-1.2312  0.0905
-1.2212  0.0891
-1.2112  0.0878
-1.2012  0.0864
-1.1912  0.0851
-1.1812  0.0837
-1.1712  0.0824
-1.1612  0.0811
-1.1512  0.0797
-1.1411  0.0784
-1.1311  0.0771
-1.1211  0.0757
-1.1111  0.0744
-1.1011  0.0731
-1.0911  0.0718
-1.0811  0.0705
-1.0711  0.0691
-1.0611  0.0678
-1.0511  0.0665
-1.0410  0.0652
-1.0310  0.0639
-1.0210  0.0626
-1.0110  0.0614
-1.0010  0.0601
-0.9910  0.0588
-0.9810  0.0575
-0.9710  0.0563
-0.9610  0.0550
-0.9510  0.0537
-0.9409  0.0525
-0.9309  0.0513
-0.9209  0.0500
-0.9109  0.0488
-0.9009  0.0476
-0.8909  0.0464
-0.8809  0.0452
-0.8709  0.0440
-0.8609  0.0428
-0.8509  0.0416
-0.8408  0.0404
-0.8308  0.0393
-0.8208  0.0381
-0.8108  0.0370
-0.8008  0.0359
-0.7908  0.0348
-0.7808  0.0337
-0.7708  0.0326
-0.7608  0.0316
-0.7508  0.0305
-0.7407  0.0294
-0.7307  0.0284
-0.7207  0.0274
-0.7107  0.0264
-0.7007  0.0254
-0.6907  0.0245
-0.6807  0.0235
-0.6707  0.0226
-0.6607  0.0217
-0.6507  0.0208
-0.6406  0.0199
-0.6306  0.0191
-0.6206  0.0183
-0.6106  0.0175
-0.6006  0.0167
-0.5906  0.0159
-0.5806  0.0152
-0.5706  0.0146
-0.5606  0.0139
-0.5506  0.0133
-0.5405  0.0126
-0.5305  0.0120
-0.5205  0.0115
-0.5105  0.0110
-0.5005  0.0105
-0.4905  0.0100
-0.4805  0.0095
-0.4705  0.0091
-0.4605  0.0087
-0.4505  0.0083
-0.4404  0.0079
-0.4304  0.0076
-0.4204  0.0073
-0.4104  0.0070
-0.4004  0.0067
-0.3904  0.0064
-0.3804  0.0062
-0.3704  0.0059
-0.3604  0.0057
-0.3504  0.0055
-0.3403  0.0053
-0.3303  0.0051
-0.3203  0.0049
-0.3103  0.0047
-0.3003  0.0045
-0.2903  0.0044
-0.2803  0.0042
-0.2703  0.0041
-0.2603  0.0040
-0.2503  0.0038
-0.2402  0.0037
-0.2302  0.0036
-0.2202  0.0035
-0.2102  0.0034
-0.2002  0.0033
-0.1902  0.0032
-0.1802  0.0031
-0.1702  0.0030
-0.1602  0.0029
-0.1502  0.0029
-0.1401  0.0028
-0.1301  0.0027
-0.1201  0.0026
-0.1101  0.0026
-0.1001  0.0025
-0.0901  0.0025
-0.0801  0.0024
-0.0701  0.0023
-0.0601  0.0023
-0.0501  0.0022
-0.0400  0.0022
-0.0300  0.0021
-0.0200  0.0021
-0.0100  0.0020
-0.0000  0.0020